 -10.382 -12.576 -21.851 -29.762 -36.535 -51.044 -57.267 -46.819 -36.472 -29.627 -25.087 -17.466 -7.985 -3.108 -0.930 -2.381 -4.650 -2.827 0.910 3.878
 -13.718 -16.381 -29.800 -41.220 -44.210 -45.781 -44.634 -43.538 -39.412 -34.529 -31.947 -25.150 -13.976 -6.301 -0.372 -0.641 -5.464 -2.471 1.254 5.298
 -13.391 -15.554 -31.877 -49.406 -41.257 -26.837 -26.771 -33.698 -34.669 -39.807 -41.533 -31.591 -18.369 -8.378 -1.715 -0.135 -1.885 -4.015 -1.242 1.732
 -11.163 -12.730 -22.639 -36.883 -28.273 -11.465 -18.963 -23.325 -31.650 -38.729 -38.931 -32.795 -23.184 -15.724 -5.692 -0.498 -2.752 -4.271 -1.352 1.094
 -3.219 -5.570 -7.529 -14.981 -9.363 -3.782 -11.149 -22.345 -23.693 -30.105 -38.723 -37.415 -29.955 -21.912 -9.091 -2.949 -2.759 -2.186 1.059 8.211
 -1.258 -0.288 -0.805 -3.157 1.515 2.225 -9.366 -21.284 -28.456 -29.026 -35.306 -41.581 -38.610 -30.874 -17.399 -6.885 -2.119 0.909 2.955 5.423
 2.428 3.990 5.984 7.902 12.474 6.477 -5.591 -23.616 -33.336 -39.430 -44.710 -43.638 -40.169 -34.643 -22.008 -13.797 -7.329 -2.841 3.497 7.106
 7.204 6.567 15.610 20.027 20.287 10.388 0.786 -17.725 -33.477 -42.270 -40.272 -40.280 -38.235 -32.021 -22.828 -14.873 -6.364 2.952 12.253 15.201
 18.241 21.453 29.625 32.230 28.704 17.499 5.416 -11.069 -21.202 -28.546 -31.861 -35.067 -24.774 -20.472 -16.475 -7.407 3.144 10.820 21.024 23.770
 22.151 27.938 33.621 37.307 33.817 23.587 9.483 -7.436 -11.341 -13.122 -12.796 -14.150 -7.154 -3.936 0.440 4.409 8.422 20.026 28.677 25.405
 26.602 34.114 36.983 33.560 29.735 24.448 11.107 -2.260 -11.418 -14.612 -9.843 -0.655 8.217 16.686 22.502 19.196 21.019 25.907 25.393 19.635
 24.773 33.150 35.833 34.094 27.529 17.271 6.440 -3.133 -19.517 -23.140 -16.112 -1.249 12.358 32.018 40.346 37.470 33.825 34.054 22.683 15.088
 23.271 35.637 45.102 46.528 31.567 11.633 -0.240 -12.466 -25.470 -34.187 -30.842 -12.603 15.062 40.655 57.460 49.414 44.100 38.981 28.227 19.340
 27.632 39.657 45.466 46.707 33.182 11.643 -5.437 -22.143 -30.447 -37.481 -37.732 -22.442 7.440 32.983 50.610 50.654 47.698 40.669 28.666 18.182
 25.532 29.009 40.594 45.242 27.862 6.555 -12.968 -26.047 -37.074 -42.340 -42.596 -32.750 -9.396 21.984 41.194 44.511 43.041 38.487 29.593 21.992
 9.576 18.296 28.152 31.247 20.369 -0.365 -21.679 -28.097 -32.570 -38.036 -47.956 -37.842 -18.605 10.790 30.491 40.960 39.473 34.448 28.682 26.164
 -8.435 1.656 6.143 9.716 8.512 -9.239 -26.953 -30.554 -33.945 -37.104 -43.427 -37.729 -23.098 4.409 21.928 35.427 36.067 33.378 33.088 30.398
 -17.377 -8.154 -10.645 -14.608 -13.124 -17.916 -28.934 -36.241 -43.117 -44.016 -41.347 -31.281 -15.926 -1.760 12.047 25.214 34.613 38.134 39.512 37.033
 -8.104 0.672 -4.363 -17.747 -21.706 -23.422 -29.786 -39.417 -49.341 -51.234 -40.907 -27.389 -7.102 -1.084 5.222 19.549 32.173 37.873 40.349 42.150
 0.515 13.852 0.632 -11.906 -17.321 -23.014 -29.758 -39.394 -50.203 -54.263 -40.664 -25.827 -9.667 -3.070 1.242 15.275 29.015 36.924 37.746 37.441
